layout_spectrum: 0.457936
typography_spectrum: 0.6146954
color:
  saturation: 0.5412186
  brandStrength: 0.4438802
  lightness: 0.8566308
  rhythmicContrast: 0.4569893
name: Le Radiant
